                    0  0.52631578947368418       0.47368421052631576        0.0000000000000000        0.0000000000000000        190.00000000000000        10.000000000000000        0.0000000000000000        0.0000000000000000
                    1  0.52630047697716986       0.47369952302283008        3.9809681216513074E-004   3.8561788423920312E-004   190.04945250000000        9.9967824999999948        4.7006950248032808E-002  0.25088214769385786
                    2  0.52628634851018896       0.47371365148981109        7.9615231940049179E-004   7.7165128604588169E-004   190.09943500000000        9.9940400000000125        9.4487680777092464E-002  0.50158947839975099
                    3  0.52627449774938961       0.47372550225061033        1.1968878347424236E-003   1.1581876714762697E-003   190.14897250000001        9.9921374999999983       0.14184469424071722       0.75378568109378818
                    4  0.52626084815962471       0.47373915184037529        1.5893062055605870E-003   1.5322092536283532E-003   190.19816000000000        9.9895300000000020       0.18864261439739494       0.99877037909995181
                    5  0.52625226985115070       0.47374773014884936        1.9855210509374366E-003   1.9135645438441008E-003   190.24788250000000        9.9888775000000010       0.23602176619169768        1.2475637899937340
                    6  0.52623604244449496       0.47376395755550510        2.3784713209532731E-003   2.3022416072817514E-003   190.29746999999998        9.9853049999999968       0.28319659910630435        1.4982590569750727
                    7  0.52622227739633098       0.47377772260366902        2.7718997515483461E-003   2.6863414176115661E-003   190.34692999999999        9.9826599999999956       0.33018457510479493        1.7477343244000849
                    8  0.52621137423599129       0.47378862576400876        3.1688821011839285E-003   3.0688733837920769E-003   190.39744750000000        9.9811574999999948       0.37781798474316020        1.9974874601938524
                    9  0.52619592620560862       0.47380407379439127        3.5608643126222679E-003   3.4463115230322673E-003   190.44726500000002        9.9778850000000006       0.42600901976402383        2.2429859267749919
                   10  0.52618399862412690       0.47381600137587315        3.9502810980717668E-003   3.8229998050177609E-003   190.49721249999999        9.9759575000000069       0.47326722984143998        2.4883094581936120
                   11  0.52617143726518378       0.47382856273481622        4.3439229373197852E-003   4.2066845271105198E-003   190.54728249999999        9.9737925000000018       0.52105436519923387        2.7375356669437139
                   12  0.52615541313370362       0.47384458686629632        4.7423489851626081E-003   4.5917875594244000E-003   190.59692250000001        9.9702824999999962       0.56914102899463614        2.9889743701938158
                   13  0.52614168763027103       0.47385831236972886        5.1374095285479544E-003   4.9815923315753990E-003   190.64688250000000        9.9676625000000030       0.61690053119673394        3.2414117860936926
                   14  0.52612654197981723       0.47387345802018288        5.5225141040582976E-003   5.3562308915861678E-003   190.69639999999998        9.9644750000000073       0.66310704000352416        3.4859679743748586
                   15  0.52611725333562476       0.47388274666437535        5.9205430332870063E-003   5.7349226954145323E-003   190.74612999999999        9.9635300000000058       0.71077002310630633        3.7356999390998880
                   16  0.52610300665285714       0.47389699334714280        6.3110487397253891E-003   6.1133326434646279E-003   190.79622000000001        9.9607100000000059       0.75877371159731410        3.9822762958998794
                   17  0.52609141782576507       0.47390858217423487        6.7038505674596434E-003   6.4911972934316329E-003   190.84642250000002        9.9589074999999951       0.80638645148428623        4.2300689064438473
                   18  0.52607512201036288       0.47392487798963712        7.0902378492851458E-003   6.8689262421452978E-003   190.89618250000001        9.9552824999999956       0.85387942668603500        4.4756228451938398
                   19  0.52606385043612180       0.47393614956387831        7.4815726815381728E-003   7.2488621899166805E-003   190.94583749999998        9.9535675000000055       0.90104392360080965        4.7243865229436466
                   20  0.52604862656021001       0.47395137343978999        7.8782812719496928E-003   7.6330002143136849E-003   190.99572250000000        9.9503525000000081       0.94959920299879741        4.9755776257435826
                   21  0.52603374665913294       0.47396625334086717        8.2656199292208618E-003   8.0109118730471648E-003   191.04602249999999        9.9472875000000016       0.99731442949996563        5.2218188923437197
                   22  0.52602571037768919       0.47397428962231075        8.6563460574312634E-003   8.3889647514969728E-003   191.09579250000002        9.9468074999999914        1.0445662969359546        5.4700080579439145
                   23  0.52601081050313603       0.47398918949686392        9.0490222804961405E-003   8.7695567168128707E-003   191.14605250000000        9.9437274999999943        1.0929611672472674        5.7189409057438638
                   24  0.52599676796525341       0.47400323203474659        9.4490878937536944E-003   9.1572360517047039E-003   191.19689249999999        9.9410024999999962        1.1408958434476517        5.9740467949938250
                   25  0.52598369824549940       0.47401630175450049        9.8287873646714808E-003   9.5268271511456653E-003   191.24659250000002        9.9385874999999970        1.1881746389408363        6.2152160048438105
                   26  0.52596993970135408       0.47403006029864581        1.0221144933409369E-002   9.9017998205239675E-003   191.29617000000002        9.9358999999999895        1.2347783310906379        6.4641061900002086
                   27  0.52595815463866125       0.47404184536133881        1.0610582582490457E-002   1.0274407754315830E-002   191.34593999999998        9.9339749999999896        1.2813605164046749        6.7111556993752117
                   28  0.52594610488507099       0.47405389511492896        1.1001141075075842E-002   1.0643240796625710E-002   191.39573250000001        9.9319474999999926        1.3299482884394820        6.9553363572438940
                   29  0.52593083873464186       0.47406916126535803        1.1388437988899670E-002   1.1017368505232571E-002   191.44589000000002        9.9287049999999937        1.3771921078950982        7.2018070229751316
                   30  0.52591488370623563       0.47408511629376432        1.1780484725586548E-002   1.1383755028355619E-002   191.49565000000001        9.9251750000000101        1.4236960774942418        7.4480062193748040
                   31  0.52590059259885735       0.47409940740114259        1.2168620749499646E-002   1.1753270196795782E-002   191.54610000000000        9.9223149999999976        1.4706747899981565        7.6936150407750432
                   32  0.52588274604859120       0.47411725395140875        1.2553530359302277E-002   1.2126591741364738E-002   191.59559000000002        9.9180400000000049        1.5173475518895430        7.9398575583998934
                   33  0.52587035497492829       0.47412964502507177        1.2933460281592294E-002   1.2495519646757816E-002   191.64522499999998        9.9158599999999950        1.5657296993813361        8.1809554604000994
                   34  0.52585891797969775       0.47414108202030231        1.3316535405402735E-002   1.2860417953704737E-002   191.69561750000000        9.9140825000000063        1.6143887936923420        8.4216256831936249
                   35  0.52584319629659171       0.47415680370340824        1.3700163775778313E-002   1.3234000455341637E-002   191.74553500000002        9.9106349999999992        1.6610925637651235        8.6679188967750207
                   36  0.52582842117620077       0.47417157882379923        1.4079353592312485E-002   1.3599732251667641E-002   191.79540499999999        9.9075449999999989        1.7098058859846788        8.9076370729750209
                   37  0.52581594749980154       0.47418405250019846        1.4473628547693802E-002   1.3981707766905120E-002   191.84537000000000        9.9053399999999954        1.7574245630967198        9.1606244844001026
                   38  0.52579843694000428       0.47420156305999561        1.4858223994486995E-002   1.4356150493353370E-002   191.89602500000001        9.9012349999999998        1.8044241993702599        9.4078204747749936
                   39  0.52578765336341204       0.47421234663658801        1.5237367622216530E-002   1.4715893174134234E-002   191.94563499999998        9.8996550000000099        1.8522644467811915        9.6465308809747938
                   40  0.52577436979245562       0.47422563020754449        1.5622524439084334E-002   1.5089881665411038E-002   191.99547999999999        9.8971250000000026        1.8992645696052932        9.8940217343749453
                   41  0.52576146570723148       0.47423853429276841        1.6017284524666008E-002   1.5461755224600441E-002   192.04599250000001        9.8947725000000020        1.9468321899403236        10.144014673243717
                   42  0.52574921056924262       0.47425078943075744        1.6397977551765901E-002   1.5833908426612944E-002   192.09569499999998        9.8926249999999953        1.9929824669889058        10.390230609375095
                   43  0.52573415139959312       0.47426584860040688        1.6770554324587558E-002   1.6185222443329303E-002   192.14539750000000        9.8893975000000012        2.0393020669944235        10.625299586993734
                   44  0.52572253787888645       0.47427746212111360        1.7139473506688176E-002   1.6545795095129399E-002   192.19546000000000        9.8875099999999918        2.0873403883961146        10.860970999900161
                   45  0.52570925330252993       0.47429074669747001        1.7515923202705282E-002   1.6912798433149544E-002   192.24522750000000        9.8849625000000003        2.1359009732404957        11.101613873593749
                   46  0.52569361638108203       0.47430638361891808        1.7877494039268065E-002   1.7273815831643488E-002   192.29523499999999        9.8815200000000090        2.1818312947798404        11.337027489599819
                   47  0.52567834236956257       0.47432165763043749        1.8265150581478162E-002   1.7642428168092517E-002   192.34516500000001        9.8782099999999957        2.2299761227695853        11.583322195900095
                   48  0.52566574807920585       0.47433425192079415        1.8640892524064846E-002   1.8009852499435160E-002   192.39503500000001        9.8759249999999952        2.2772323487733956        11.825610394375090
                   49  0.52565038480055759       0.47434961519944252        1.9017429772503962E-002   1.8351330567716890E-002   192.44482249999999        9.8725674999999882        2.3245154434989672        12.058333457943974
                   50  0.52563926451892706       0.47436073548107294        1.9389548891139290E-002   1.8705321023006535E-002   192.49455250000000        9.8708374999999933        2.3711003247444751        12.295009548593882
                   51  0.52562687093519367       0.47437312906480639        1.9772599282931611E-002   1.9081182559783347E-002   192.54491750000000        9.8686475000000087        2.4171524181947461        12.545044020743575
                   52  0.52561212833351334       0.47438787166648666        2.0162722108737773E-002   1.9443090587836616E-002   192.59513250000001        9.8655425000000037        2.4664448074472602        12.789328680693671
                   53  0.52559948567581150       0.47440051432418839        2.0529924347256111E-002   1.9805144653781821E-002   192.64503250000001        9.8632275000000078        2.5120955739403144        13.028605783243606
                   54  0.52558720535162995       0.47441279464837011        2.0902073401484346E-002   2.0149163579355815E-002   192.69494000000000        9.8610500000000059        2.5589133964022039        13.261817897499895
                   55  0.52557038562444980       0.47442961437555020        2.1292910171767383E-002   2.0515749499820584E-002   192.74504000000002        9.8571299999999979        2.6058953983956599        13.510928163100047
                   56  0.52555509643255727       0.47444490356744279        2.1673642582882523E-002   2.0872723251847879E-002   192.79510499999998        9.8537950000000052        2.6519080389844021        13.753554097974899
                   57  0.52554064021280322       0.47445935978719683        2.2042946385683902E-002   2.1226058316691030E-002   192.84486250000000        9.8507625000000019        2.6985748560909997        13.989835668593713
                   58  0.52552650561148739       0.47447349438851261        2.2429554439174503E-002   2.1607185070861352E-002   192.89537999999999        9.8478899999999925        2.7483446556070703        14.240622547900145
                   59  0.52551309548443315       0.47448690451556674        2.2806029961986170E-002   2.1971986100721007E-002   192.94532500000003        9.8452649999999977        2.7945306443652953        14.484887079775049
                   60  0.52549661185184349       0.47450338814815646        2.3165734550899857E-002   2.2321783844284793E-002   192.99554499999999        9.8414649999999995        2.8407751529739471        14.717001653775000
                   61  0.52548137063792766       0.47451862936207240        2.3522148903552333E-002   2.2681814418725351E-002   193.04485499999998        9.8380949999999956        2.8874680289809476        14.951406770975083
                   62  0.52546811821383665       0.47453188178616340        2.3891137446416875E-002   2.3052174153141491E-002   193.09465499999999        9.8355150000000009        2.9341054309770698        15.194899684774981
                   63  0.52545353509973602       0.47454646490026403        2.4261290410287590E-002   2.3413532556584429E-002   193.14546999999999        9.8324700000000007        2.9829634791021817        15.433388699099993
                   64  0.52544367329156727       0.47455632670843284        2.4627707203063783E-002   2.3763369774199333E-002   193.19522749999999        9.8311925000000002        3.0282587232504738        15.669591527943751
                   65  0.52543120835677681       0.47456879164322330        2.5000516146251525E-002   2.4137493101231366E-002   193.24460249999998        9.8288874999999933        3.0756771170053980        15.915633012343875
                   66  0.52542115305155734       0.47457884694844260        2.5382389909795428E-002   2.4507071378268078E-002   193.29478250000000        9.8275524999999959        3.1248457776891883        16.161899359743828
                   67  0.52540470093638814       0.47459529906361186        2.5733154829979021E-002   2.4852380752798116E-002   193.34477749999999        9.8237325000000055        3.1714509754965547        16.389447268443647
                   68  0.52538978904150280       0.47461021095849715        2.6136500034682972E-002   2.5218175047193148E-002   193.39467500000001        9.8204999999999956        3.2196066443721065        16.643834750000096
                   69  0.52537405221321531       0.47462594778678480        2.6513447414387770E-002   2.5586921950854605E-002   193.44441749999999        9.8169375000000088        3.2653955857022083        16.891655621093577
                   70  0.52535884151152679       0.47464115848847310        2.6882088252666001E-002   2.5942187540101181E-002   193.49454500000002        9.8135950000000065        3.3132202429696918        17.129198175974878
                   71  0.52534557074963617       0.47465442925036377        2.7242660831734235E-002   2.6277355797126312E-002   193.54412250000001        9.8109725000000054        3.3591082049897523        17.357861104243653
                   72  0.52533005871652039       0.47466994128347961        2.7615029928361744E-002   2.6644944476690694E-002   193.59415250000001        9.8075024999999982        3.4060653067426756        17.602762212493786
                   73  0.52531840784490569       0.47468159215509431        2.7991766448908249E-002   2.7012675353746296E-002   193.64413750000000        9.8055224999999950        3.4526193810961558        17.849956001993846
                   74  0.52530629851528898       0.47469370148471113        2.8347590526163900E-002   2.7362104690492023E-002   193.69441749999999        9.8033774999999963        3.5003268357031629        18.080987092493814
                   75  0.52529364388071109       0.47470635611928891        2.8693359844382621E-002   2.7709788047171526E-002   193.74467250000001        9.8010175000000004        3.5468653677380644        18.308753464693737
                   76  0.52528321367650854       0.47471678632349140        2.9068914471937407E-002   2.8076372230678218E-002   193.79449000000000        9.7994950000000074        3.5937356399008422        18.555147744974860
                   77  0.52527282002018549       0.47472717997981456        2.9432280100307347E-002   2.8424735189306053E-002   193.84505750000000        9.7980225000000019        3.6420403216980048        18.788552589493719
                   78  0.52525798224778519       0.47474201775221486        2.9789203288366442E-002   2.8787916456906860E-002   193.89439750000000        9.7947624999999903        3.6896656119934050        19.025885068593936
                   79  0.52524286222954597       0.47475713777045409        3.0139008758708161E-002   2.9131488103832589E-002   193.94457749999998        9.7914324999999991        3.7357708464987809        19.254612097943763
                   80  0.52522857059975558       0.47477142940024442        3.0496210594737894E-002   2.9479727333975622E-002   193.99449250000001        9.7884075000000053        3.7838471674403991        19.486156113943636
                   81  0.52521572826104568       0.47478427173895427        3.0859781586521744E-002   2.9846776883840791E-002   194.04446500000000        9.7859449999999981        3.8331228637762251        19.726420456975035
                   82  0.52520004458136571       0.47479995541863435        3.1228045928362598E-002   3.0214943329072701E-002   194.09454749999998        9.7823824999999971        3.8793132702558069        19.972185123693805
                   83  0.52518716247351604       0.47481283752648396        3.1590482799284433E-002   3.0563414956476864E-002   194.14448750000000        9.7798975000000041        3.9268758623438771        20.206797389493673
                   84  0.52517386848333292       0.47482613151666708        3.1954559193471802E-002   3.0903060113890587E-002   194.19527249999999        9.7772925000000015        3.9747561507465434        20.438548869443721
                   85  0.52516370207539553       0.47483629792460441        3.2304914399898313E-002   3.1267957119039319E-002   194.24501749999999        9.7758474999999976        4.0194789246961591        20.677948156743795
                   86  0.52515137646439225       0.47484862353560775        3.2664083607995380E-002   3.1623837239208107E-002   194.29498250000000        9.7735725000000002        4.0643378246895736        20.917303087243738
                   87  0.52513789284656753       0.47486210715343252        3.3016973878372206E-002   3.1975801157107249E-002   194.34519749999998        9.7708574999999911        4.1124811859990587        21.149586214693926
                   88  0.52512464622643029       0.47487535377356976        3.3392819644272743E-002   3.2335778688915316E-002   194.39517499999999        9.7682199999999995        4.1631417193784728        21.391503031600010
                   89  0.52511400677808195       0.47488599322191810        3.3740411728234151E-002   3.2669885561640445E-002   194.44512750000001        9.7665925000000016        4.2103290087397909        21.615988438943717
                   90  0.52509867009627142       0.47490132990372863        3.4106827493628970E-002   3.3024754823999872E-002   194.49471749999998        9.7631175000000070        4.2573720951986616        21.856104181193615
                   91  0.52508594791505780       0.47491405208494220        3.4490057332250343E-002   3.3398901814312230E-002   194.54442250000000        9.7606624999999951        4.3071816414958448        22.107655061093837
                   92  0.52507374377355520       0.47492625622644474        3.4864739521120826E-002   3.3766177848260373E-002   194.59439499999999        9.7584200000000010        4.3535495839751093        22.356834103599979
                   93  0.52506026165966924       0.47493973834033071        3.5224053192428280E-002   3.4124044665536750E-002   194.64386750000000        9.7556524999999965        4.4006921424443135        22.595671799243817
                   94  0.52504698231669766       0.47495301768330234        3.5611179794140392E-002   3.4493606385767220E-002   194.69426250000001        9.7530074999999954        4.4482970810931874        22.849702204943839
                   95  0.52503541603391846       0.47496458396608149        3.5955139744843469E-002   3.4825979968686471E-002   194.74406750000000        9.7509975000000111        4.4967610554449493        23.071645254993541
                   96  0.52502258863019735       0.47497741136980270        3.6322200328275281E-002   3.5188014403858527E-002   194.79379499999999        9.7484899999999897        4.5431894979847129        23.316302719900207
                   97  0.52501065373619438       0.47498934626380568        3.6694759834135955E-002   3.5518350541784441E-002   194.84361749999999        9.7463324999999941        4.5919370136907673        23.548590299443859
                   98  0.52499852066931851       0.47500147933068138        3.7056776269001231E-002   3.5869328074953223E-002   194.89388250000002        9.7441175000000015        4.6402315761879436        23.785471646193727
                   99  0.52498407520399715       0.47501592479600291        3.7422899140423953E-002   3.6208481540360299E-002   194.94362749999999        9.7409724999999980        4.6851796412447584        24.022757254243785
                  100  0.52497544666907803       0.47502455333092203        3.7804103675724017E-002   3.6566232550416161E-002   194.99391000000000        9.7401199999999903        4.7333629119020770        24.270162385600187
                  101  0.52496563217192727       0.47503436782807273        3.8182463110300241E-002   3.6929037529055381E-002   195.04433000000000        9.7388100000000009        4.7811048510993714        24.519039783899984
                  102  0.52495422562938043       0.47504577437061968        3.8547901682995565E-002   3.7267268300214929E-002   195.09416249999998        9.7368474999999961        4.8319409235991770        24.750253261743836
                  103  0.52494077514401605       0.47505922485598384        3.8910312758525162E-002   3.7625618190175715E-002   195.14399500000002        9.7340850000000074        4.8780054399685469        24.993049212774849
                  104  0.52492862056932810       0.47507137943067185        3.9252589424622127E-002   3.7982558982889943E-002   195.19366250000002        9.7318174999999911        4.9250723360819393        25.226550646693923
                  105  0.52491369044867608       0.47508630955132403        3.9600958447469137E-002   3.8335152450794108E-002   195.24345499999998        9.7284700000000015        4.9735796629829565        25.459451459099981
                  106  0.52490294390174097       0.47509705609825897        3.9950694038909045E-002   3.8671814072596053E-002   195.29362750000001        9.7267724999999956        5.0214603912390885        25.687489233243824
                  107  0.52488676137237023       0.47511323862762977        4.0302347151741275E-002   3.9006196611901335E-002   195.34356750000001        9.7229375000000005        5.0691838729399024        25.915643871093735
                  108  0.52487349179633469       0.47512650820366525        4.0653760106636828E-002   3.9334780726924486E-002   195.39345499999999        9.7202350000000024        5.1158481629827293        26.142626544774956
                  109  0.52485968122989202       0.47514031877010798        4.1015677805303977E-002   3.9681247473489778E-002   195.44382750000000        9.7173425000000009        5.1653696502471576        26.378062237693726
                  110  0.52484657394351297       0.47515342605648692        4.1377432278100215E-002   4.0031283391870447E-002   195.49360250000001        9.7146924999999982        5.2116090719937347        26.618157130443791
                  111  0.52483258144143885       0.47516741855856115        4.1738144398541524E-002   4.0391154639456479E-002   195.54395750000000        9.7117225000000076        5.2591677381933550        26.860608582993606
                  112  0.52482341270830324       0.47517658729169676        4.2105263538897590E-002   4.0740534281808238E-002   195.59377499999999        9.7106100000000026        5.3070362493745051        27.101208427899948
                  113  0.52480927672450872       0.47519072327549133        4.2457559396705181E-002   4.1082241432792536E-002   195.64405499999998        9.7075750000000056        5.3548931569821434        27.333237619374898
                  114  0.52479656915313799       0.47520343084686195        4.2822848872033067E-002   4.1436788289184484E-002   195.69395750000001        9.7050775000000016        5.4008154881885275        27.577388218993718
                  115  0.52478423870446067       0.47521576129553933        4.3175453914558133E-002   4.1799843428981978E-002   195.74380750000000        9.7027224999999930        5.4475579029458459        27.819218587993888
                  116  0.52477212328486911       0.47522787671513084        4.3554713601856136E-002   4.2154099862740470E-002   195.79337000000001        9.7004349999999988        5.4939590430949465        28.068475810775027
                  117  0.52476058486803001       0.47523941513196999        4.3914050341164287E-002   4.2504028796834535E-002   195.84366750000001        9.6984075000000018        5.5410976494385977        28.307769463943714
                  118  0.52474568864031790       0.47525431135968205        4.4256106155558257E-002   4.2839774985794922E-002   195.89397250000002        9.6950624999999917        5.5897706692412612        28.533345621093900
                  119  0.52473120576146859       0.47526879423853141        4.4627358422151681E-002   4.3172592768413551E-002   195.94379250000000        9.6918525000000102        5.6363682169467211        28.771342618243565
                  120  0.52471902628176659       0.47528097371823347        4.4991226005455284E-002   4.3519494122822168E-002   195.99386500000000        9.6895550000000128        5.6831273617790430        29.011988901974760
                  121  0.52470607168641747       0.47529392831358253        4.5366745859844425E-002   4.3874590867938192E-002   196.04376250000001        9.6869425000000007        5.7325823435894563        29.257832501693741
                  122  0.52469317963679851       0.47530682036320149        4.5726839314977341E-002   4.4241753467436321E-002   196.09377250000000        9.6843575000000044        5.7803642182407202        29.504197312193668
                  123  0.52468421843338142       0.47531578156661858        4.6072232223320672E-002   4.4576446999143066E-002   196.14369249999999        9.6833074999999980        5.8305599654486286        29.729773360443787
                  124  0.52467565389561543       0.47532434610438468        4.6409586684471517E-002   4.4914937100743631E-002   196.19358499999998        9.6824099999999902        5.8780448477846221        29.956526591900186
                  125  0.52466449061682818       0.47533550938317193        4.6752759609238706E-002   4.5259878545230774E-002   196.24320749999998        9.6804775000000092        5.9257876119518187        30.187922871993578
                  126  0.52465161657433979       0.47534838342566010        4.7100774676128651E-002   4.5582554601818454E-002   196.29270500000001        9.6778650000000113        5.9706437829663628        30.415479041774773
                  127  0.52464286402770133       0.47535713597229856        4.7428900102637964E-002   4.5926363495819071E-002   196.34223500000002        9.6768699999999939        6.0155452047692961        30.643617003100118
                  128  0.52462632695155531       0.47537367304844469        4.7784103030208538E-002   4.6287238750638539E-002   196.39210750000001        9.6728324999999984        6.0630642084361170        30.886673926943772
                  129  0.52461414991673350       0.47538585008326650        4.8157665291351556E-002   4.6636896451572436E-002   196.44157999999999        9.6704849999999993        6.1118321036046837        31.131354864775020
                  130  0.52460021091573272       0.47539978908426728        4.8519492795305111E-002   4.6988460803946294E-002   196.49079499999999        9.6674299999999960        6.1591002679851954        31.373767195100086
                  131  0.52458881102574595       0.47541118897425405        4.8866381891400620E-002   4.7331709874841373E-002   196.54071500000001        9.6654049999999927        6.2047372887755046        31.608946185975142
                  132  0.52457940032352768       0.47542059967647227        4.9217380492552594E-002   4.7666126760895794E-002   196.59058750000003        9.6641575000000017        6.2538189048354980        31.838952315193723
                  133  0.52456838124181404       0.47543161875818590        4.9577864269471167E-002   4.8011038169771453E-002   196.64055000000002        9.6622799999999955        6.3028556974895764        32.077015201600091
                  134  0.52455736291277766       0.47544263708722234        4.9917274299814643E-002   4.8354178717318966E-002   196.69019500000002        9.6603850000000051        6.3446858619718114        32.313376651774902
                  135  0.52454820499015431       0.47545179500984580        5.0272260943416344E-002   4.8680844293632015E-002   196.74091249999998        9.6592725000000002        6.3904261673524161        32.545822270743756
                  136  0.52453443764512853       0.47546556235487142        5.0638819104747351E-002   4.9025643106481671E-002   196.79104000000001        9.6563149999999922        6.4359157184007927        32.790230620775148
                  137  0.52451954807008605       0.47548045192991389        5.0989298982803161E-002   4.9363875905901543E-002   196.84136250000000        9.6529224999999883        6.4845466435872368        33.022764708993975
                  138  0.52450461186059372       0.47549538813940617        5.1324069746628662E-002   4.9707675391671674E-002   196.89043750000002        9.6494474999999937        6.5291285585844889        33.255240444743862
                  139  0.52449372361577895       0.47550627638422110        5.1672154423148625E-002   5.0033808508251891E-002   196.94121749999999        9.6476475000000050        6.5766971176999505        33.483495215743659
                  140  0.52448047083141136       0.47551952916858858        5.2006061135826613E-002   5.0364509256358415E-002   196.99110500000000        9.6448699999999974        6.6218008789728628        33.710382683100050
                  141  0.52446996219962172       0.47553003780037822        5.2354713459467302E-002   5.0697844366308559E-002   197.04101750000001        9.6431725000000057        6.6704750646895263        33.940686635243637
                  142  0.52445859344549328       0.47554140655450683        5.2691473472622000E-002   5.1029661320213221E-002   197.09125999999998        9.6411499999999961        6.7171066124137724        34.167951677500071
                  143  0.52444277586751642       0.47555722413248352        5.3052101018930160E-002   5.1360837725999253E-002   197.14071250000001        9.6373324999999994        6.7640724923403468        34.404009784443772
                  144  0.52442833550578594       0.47557166449421412        5.3412816360621701E-002   5.1730533759475394E-002   197.19072750000001        9.6340825000000052        6.8130055207439000        34.653581883193652
                  145  0.52441350906429651       0.47558649093570349        5.3743936460150146E-002   5.2047721407895306E-002   197.24090000000001        9.6306849999999997        6.8600021899910644        34.872881430774996
                  146  0.52440009349662919       0.47559990650337081        5.4106895292138753E-002   5.2387107928925536E-002   197.29053500000001        9.6278149999999982        6.9084294137719553        35.112088325775034
                  147  0.52438624669231093       0.47561375330768901        5.4462023912885633E-002   5.2737199696062921E-002   197.34038250000000        9.6247825000000091        6.9586422536885948        35.350829327693575
                  148  0.52437489756935074       0.47562510243064915        5.4825832248515963E-002   5.3061565496182669E-002   197.38965000000002        9.6227050000000105        7.0058828774926951        35.585828482974790
                  149  0.52436204693301347       0.47563795306698659        5.5161552909444446E-002   5.3395250029870049E-002   197.43948499999999        9.6200600000000094        7.0529529347768403        35.813845596399815
                  150  0.52435062608781335       0.47564937391218665        5.5508772597866116E-002   5.3716182975306670E-002   197.48907000000000        9.6179649999999981        7.0979455351043725        36.043524258775037
                  151  0.52434083229834916       0.47565916770165079        5.5855309926740274E-002   5.4066629339408111E-002   197.53926000000001        9.6165400000000005        7.1440636523911962        36.283733428399984
                  152  0.52432866618405816       0.47567133381594190        5.6194444307386966E-002   5.4412405757087980E-002   197.58938749999999        9.6141725000000093        7.1922948748469935        36.517184640243570
                  153  0.52431291820124415       0.47568708179875580        5.6555123232147668E-002   5.4742686105098262E-002   197.63922250000002        9.6103724999999969        7.2389920954883564        36.754632911243803
                  154  0.52430069497183984       0.47569930502816027        5.6901996546550482E-002   5.5085359108188070E-002   197.68930499999999        9.6079749999999962        7.2853386169808800        36.992066399375076
                  155  0.52429009184634123       0.47570990815365871        5.7247352805402732E-002   5.5397863241990392E-002   197.73896000000002        9.6061949999999996        7.3301131183907273        37.218582621975017
                  156  0.52428126160719735       0.47571873839280260        5.7597563717312193E-002   5.5734055071328358E-002   197.78945500000000        9.6051549999999963        7.3797858029720373        37.451812425975064
                  157  0.52426970798681405       0.47573029201318595        5.7933492243771145E-002   5.6045831867897605E-002   197.83952500000001        9.6030149999999992        7.4238177743682172        37.675412909775034
                  158  0.52425702754420600       0.47574297245579394        5.8281176082703730E-002   5.6386844261110618E-002   197.89007500000000        9.6004499999999950        7.4736864943770343        37.909639797500105
                  159  0.52424427799271001       0.47575572200728994        5.8617973680323524E-002   5.6711194771937673E-002   197.94026249999999        9.5978374999999971        7.5228189310946618        38.133752823593809
                  160  0.52423388756188927       0.47576611243811068        5.8966796210242929E-002   5.7014472448473019E-002   197.99052000000000        9.5961599999999976        7.5735901295993244        38.352793254400041
                  161  0.52421927743208596       0.47578072256791398        5.9312527486473650E-002   5.7380205089933287E-002   198.04089999999999        9.5928150000000016        7.6210721900060889        38.598795375774955
                  162  0.52420774436805706       0.47579225563194300        5.9679691516060875E-002   5.7724862959964013E-002   198.09105000000000        9.5906750000000045        7.6684548975026701        38.845128044374917
                  163  0.52419522760266013       0.47580477239733993        6.0015146090557955E-002   5.8050089328974333E-002   198.14119249999999        9.5881424999999894        7.7181871779466746        39.068985899693956
                  164  0.52418347411420574       0.47581652588579421        6.0360167082401946E-002   5.8368877941651479E-002   198.19128250000000        9.5859074999999905        7.7658135051897261        39.296309901443934
                  165  0.52417181529327705       0.47582818470672295        6.0730882047909281E-002   5.8722022458839063E-002   198.24178250000000        9.5837275000000091        7.8121037226956105        39.549009705743572
                  166  0.52415862857927853       0.47584137142072153        6.1073315521679578E-002   5.9063484580798395E-002   198.29188499999998        9.5809200000000061        7.8609581467826501        39.783346953599874
                  167  0.52414277967391876       0.47585722032608119        6.1404764328670473E-002   5.9398973164611943E-002   198.34216750000002        9.5770624999999967        7.9037389019431430        40.017211371093808
                  168  0.52413335199162214       0.47586664800837786        6.1799528375962656E-002   5.9754792922263135E-002   198.39261249999998        9.5757574999999946        7.9520279248536099        40.278930801193852
                  169  0.52412057712885940       0.47587942287114060        6.2164022405165616E-002   6.0092782169013481E-002   198.44285750000000        9.5731125000000077        7.9976347346964758        40.524344562343600
                  170  0.52410609686495579       0.47589390313504426        6.2496100812028894E-002   6.0425840604822076E-002   198.49361249999998        9.5698124999999976        8.0459691998476046        40.752471214843808
                  171  0.52409245700628682       0.47590754299371318        6.2843260283063820E-002   6.0740282884977327E-002   198.54341750000000        9.5667975000000069        8.0946049206977477        40.978793093993616
                  172  0.52408099056774071       0.47591900943225923        6.3216645970887109E-002   6.1083521364235477E-002   198.59399000000002        9.5646799999999956        8.1428658798977267        41.227666497600083
                  173  0.52406782167845511       0.47593217832154483        6.3554246524280184E-002   6.1402368993304791E-002   198.64386000000002        9.5618500000000068        8.1881143003920442        41.455614577499873
                  174  0.52406378235435491       0.47593621764564509        6.3902835998567706E-002   6.1742652101171712E-002   198.69398250000000        9.5626575000000003        8.2350657896895427        41.694939037693729
                  175  0.52404868037033558       0.47595131962966436        6.4247576222487987E-002   6.2083316137867009E-002   198.74458500000000        9.5590899999999976        8.2863481777749257        41.928813371900048
                  176  0.52403652837202275       0.47596347162797725        6.4601840397074117E-002   6.2415334999278912E-002   198.79451499999999        9.5566600000000079        8.3339009147748584        42.166734644399853
                  177  0.52402200718779091       0.47597799281220904        6.4929435574200847E-002   6.2726373445758862E-002   198.84412499999999        9.5532699999999977        8.3813929843818187        42.385822307100042
                  178  0.52401454952725446       0.47598545047274549        6.5296981986285987E-002   6.3077395226311964E-002   198.89374750000002        9.5526875000000047        8.4282829062358360        42.637439027343660
                  179  0.52400173455886101       0.47599826544113893        6.5650321541528681E-002   6.3380412159257576E-002   198.94395500000002        9.5499999999999972        8.4735339579710853        42.866235000000060
                  180  0.52399181187591570       0.47600818812408430        6.5992062102651419E-002   6.3714056443129996E-002   198.99429750000002        9.5484675000000010        8.5194549814914353        43.102100901443720
                  181  0.52397994402329551       0.47602005597670460        6.6287814180330973E-002   6.4050954273108612E-002   199.04440749999998        9.5461475000000036        8.5644704739534063        43.321935408243675
                  182  0.52396950687745480       0.47603049312254520        6.6637218940657772E-002   6.4386338094407941E-002   199.09473000000000        9.5444050000000118        8.6120512271008920        43.560148195974762
                  183  0.52395619274623229       0.47604380725376771        6.6992727698505838E-002   6.4729922912941773E-002   199.14464500000000        9.5414949999999976        8.6611228239780758        43.802598164975052
                  184  0.52394433361856052       0.47605566638143959        6.7341635037511408E-002   6.5054976983152504E-002   199.19509249999999        9.5391875000000113        8.7059714164497564        44.039539339843543
                  185  0.52392995642939222       0.47607004357060789        6.7664469933513577E-002   6.5394253468556082E-002   199.24498249999999        9.5358475000000027        8.7526560746919131        44.269909956743689
                  186  0.52391669990259904       0.47608330009740091        6.7997375243165153E-002   6.5697454453689963E-002   199.29484500000001        9.5329499999999996        8.7982514259711024        44.491129297500009
                  187  0.52390564132858297       0.47609435867141697        6.8289746724222083E-002   6.6004338663073883E-002   199.34426500000001        9.5309050000000042        8.8439616097748512        44.697549880974918
                  188  0.52389267787079452       0.47610732212920542        6.8622901349815288E-002   6.6330063406651013E-002   199.39466500000000        9.5281449999999950        8.8945895377764828        44.923212858975106
                  189  0.52388407534313752       0.47611592465686242        6.8967345155688947E-002   6.6658188386995540E-002   199.44497250000001        9.5271175000000028        8.9450219742429908        45.154639641193683
                  190  0.52387183394277459       0.47612816605722535        6.9308171529749094E-002   6.6966180504786546E-002   199.49556500000000        9.5246500000000083        8.9933203307737131        45.378937377499838
                  191  0.52386490479497083       0.47613509520502917        6.9631595942925478E-002   6.7289023168465106E-002   199.54631250000000        9.5243074999999919        9.0415701523452299        45.602439145443910
                  192  0.52384822581112034       0.47615177418887961        6.9943782741975213E-002   6.7598194948017637E-002   199.59592750000002        9.5200175000000087        9.0897929147395189        45.815844299693580
                  193  0.52383744225079809       0.47616255774920185        7.0238738516380961E-002   6.7911428745503502E-002   199.64615750000002        9.5181074999999993        9.1345929851886467        46.027707118443757
                  194  0.52382492399794189       0.47617507600205805        7.0572747952270753E-002   6.8239297818156658E-002   199.69607250000001        9.5154874999999919        9.1860105747327907        46.254430137343917
                  195  0.52381592063892590       0.47618407936107404        7.0898800141618062E-002   6.8549990284225454E-002   199.74553250000002        9.5142474999999962        9.2362287914365879        46.472317008743829
                  196  0.52380320066930519       0.47619679933069481        7.1256988388224404E-002   6.8857155890353294E-002   199.79524250000000        9.5115324999999871        9.2820268661889713        46.706252001443985
                  197  0.52378846464495366       0.47621153535504640        7.1612940136561096E-002   6.9220873108230024E-002   199.84512749999999        9.5080175000000082        9.3344820087513654        46.955420719693606
                  198  0.52377316845161015       0.47622683154838974        7.1968037334379037E-002   6.9557003947676402E-002   199.89521000000002        9.5042849999999959        9.3833490558899939        47.197006638775065
                  199  0.52376032710391096       0.47623967289608909        7.2324815758707028E-002   6.9910082524189079E-002   199.94563749999998        9.5015475000000009        9.4311072186028468        47.447387605243719
                  200  0.52375001048462522       0.47624998951537484        7.2646521090076688E-002   7.0205161892543000E-002   199.99522750000000        9.4997774999999933        9.4771047232497949        47.662204950493859
